0.0 3.47532580117 1.18447058019 4.04120414661 6.26842853068 4.08818121109 1.75643863847 0.670407178715 0.634659267629 1.377891107 2.98670708096 0.243496844601 4.2113373262 2.75469428023 2.27426740818 3.33113277796 0.61999624993 5.51989628449 2.03942694065 5.05386774388 4.66443956033 6.17138420973 2.66604188965 3.54753224944 0.74151691221 2.77655449572 0.535178054487 6.57747953081 0.210267032452 0.549382944513 0.245819065989 4.68476795316 2.63795023216 5.11423689547 4.54240346656 2.96247922935 5.62050132321 2.59805331517 3.41305097727 5.60817705342 4.94382715483 0.368171212997 1.66243711198 5.04440461264 5.08633084089 3.86088525356 3.04765383491 2.4224781375 1.68210916643 1.27642984756 4.20188229351 1.43916599443 1.98806929953 2.1402457235 3.16815574582 4.62801133384 3.36655659533 2.03955823474 1.01390937739 4.86933493924 5.71030621778 6.31383517744 3.70552018031 1.06848635994 0.937606700836 2.50620657504 2.61202360936 1.73525478738 2.02889222522 2.53290852137 2.31060826927 0.849258684681 1.08448489542 1.74224854821 1.55273724268 1.52724225105 1.43126937084 4.26498945779 2.20460786094 3.91321859874 2.87650313404 4.88369909224 1.73180304682 1.7719987611 1.22733780512 2.54958623317 2.85895097764 1.38734299756 7.31300572657 5.57171702138 4.22644663742 1.38241728438 1.65733037866 2.09908170899 4.65090118011 
3.47532580117 0.0 2.29085652178 0.759504224896 2.79489884749 7.53535900918 5.18303384326 4.03761490602 4.10983962401 2.12767861773 0.638994069346 3.70260023905 7.63111863886 0.731935334843 5.60268162962 6.72452503 4.02859009203 2.06994418697 1.44190617238 1.58393227658 1.25147992485 2.69676604713 0.817532345163 0.159566418845 2.83800532991 6.14759375783 3.98130700002 3.10235361342 3.62704126568 3.02998623571 3.36359621005 1.23092388763 0.868861543278 8.557113326 1.22984763238 0.563548117532 2.18849805949 6.03540336359 0.256328049724 2.14647676367 1.52029215377 3.14388182291 1.81410617258 1.63296552877 1.63282538785 0.42434021719 0.49144384003 1.12072923475 1.82122627292 2.26320902373 0.778325059324 2.05574777837 1.64931401907 1.34014573215 0.509326937236 1.16014124561 0.589668294745 1.4562823903 4.48754291851 1.39814272752 2.23589355024 2.83916093676 7.16347029211 2.66275747596 3.79139286943 5.97705297087 5.89012144371 4.44089943293 1.72718362432 5.79033080176 5.53803562938 3.48839769935 4.06222297758 3.3277426602 3.11425435857 4.27759350337 2.36928511919 0.812099799131 5.67839519967 0.813031456212 1.09006374716 1.4978265562 5.20192560074 5.01929597376 3.68596843246 5.7276975602 1.23632829992 2.56822243121 3.96201575774 2.24489693588 1.22436024529 2.93532570009 4.72054008575 5.35649159272 1.40975605841 
1.18447058019 2.29085652178 0.0 2.87227295556 5.08433313539 5.25908805941 2.91159724295 1.7720445156 1.81900597465 0.283418582819 1.81790188721 1.41343576914 5.36913687703 1.57210955824 3.3759954771 4.47389325566 1.75276617981 4.3396621411 0.858564495029 3.87020693929 3.48760028268 4.98706861942 1.48301798951 2.36443601947 0.626979857829 3.90536119405 1.69621125391 5.39303638087 1.34156168969 0.784469057706 1.08765362405 3.50295792454 1.45996324222 6.28383982633 3.3771483944 1.78306079228 4.44341481217 3.76197012605 2.23346144727 4.42605188789 3.76654523938 0.863149422352 0.479677868502 3.869156473 3.90506890373 2.67851435755 1.86871072069 1.25779238898 0.531771839261 0.327388206806 3.02195414912 0.304480162304 0.904153328587 0.958054383177 1.99809215505 3.44445784063 2.20852893345 0.867139377373 2.19724484475 3.68535003599 4.52601622556 5.12946577559 4.88144668335 0.676282310589 1.66368793421 3.68827824482 3.68943268415 2.44898712431 1.00932905144 3.59811370176 3.35597034191 1.38268852838 1.92061013748 1.75109878923 1.47827137133 2.25042677385 0.74311595519 3.08260451288 3.38815483933 2.75752556835 1.77428301172 3.71095455997 2.91302624199 2.81882536741 1.70691190508 3.57169417099 1.78831914536 0.897665496464 6.15511386577 4.41189137229 3.09439289981 1.21907051905 2.58755963635 3.15802838537 3.49643370837 
4.04120414661 0.759504224896 2.87227295556 0.0 2.29963404421 8.03289973875 5.68787285001 4.54993650239 4.67242563993 2.75440585672 1.39396866581 4.27788290425 8.10644192748 1.32405143057 6.0570031537 7.19151240858 4.55282434019 1.50693381998 2.01689598491 1.11656484818 0.645080438876 2.21541106434 1.48794353276 0.828058100372 3.46183572387 6.61042109541 4.5648949454 2.64057426265 4.17181730931 3.55251200385 3.89961984208 0.72860138931 1.41628252983 9.04548956752 0.507607717997 1.2962413802 1.5892163966 6.53628595518 0.670386577984 1.61321715469 0.920442132704 3.69008717257 2.39505448678 1.01069085577 1.09488311764 0.387614725823 1.01624954312 1.82152925223 2.35911350492 2.7781049862 0.302553241201 2.60212086134 2.35163829335 1.97151161356 0.874242014524 0.735389528812 0.686445995973 2.00558359556 5.03877675926 1.09419834765 1.76720019221 2.39263608672 7.67400563972 3.12300013328 4.22448970226 6.51212121547 6.32030875359 4.78891455762 2.11001775094 6.21554887575 5.95968290072 3.92504747365 4.49250571832 3.59473661772 3.42143535778 4.6469141703 2.78639042749 0.421399764676 6.24035034004 1.27866359408 1.27710310413 1.42391858106 5.77201886484 5.46188097753 4.06229852867 6.12933995633 1.37407728558 2.95863605923 3.72985241556 2.14483701663 0.520167651072 3.28671664589 5.12791159843 5.79228465342 0.660433406913 
6.26842853068 2.79489884749 5.08433313539 2.29963404421 0.0 10.3097823956 7.95885459139 6.8150028823 6.90308684666 4.92058225667 3.34463799262 6.49704824717 10.3926819822 3.51471223827 8.34805466638 9.47991170953 6.8110202142 0.809325240611 4.23018024783 1.21578479808 1.65506855587 0.109415746042 3.61059307671 2.73655082597 5.62919267027 8.89960696581 6.77620450264 0.360251150644 6.41566631366 5.80911245304 6.14888763141 1.59516226337 3.63738512918 11.3271546021 1.86518952213 3.33080608282 0.791521722363 8.81027915603 2.86500719775 0.68903256368 1.38630982206 5.93187072575 4.60603465381 1.31730221515 1.20545455908 2.41118321953 3.22907497414 3.89236446015 4.60025115295 5.03533302568 2.08343609186 4.83958110574 4.40313413413 4.13486253311 3.13277973261 1.64154186107 2.98049176402 4.2362796487 7.27902602039 1.42357055789 0.559746390842 0.221418021798 9.94389861431 5.40552580646 6.5178598802 8.76570252721 8.61674706887 7.08710457373 4.40400505893 8.51266393659 8.25711003094 6.21697486265 6.78692862815 5.88238185042 5.71765105892 6.94646799078 5.07851266043 2.00858128573 8.47247247525 2.56890873692 3.57615755738 1.60084416464 7.99657379239 7.75513119167 6.36184853147 8.42864833273 3.66691562045 5.2556894031 1.80099930051 1.39158433045 2.36286213254 5.58633726245 7.42633909908 8.08730007029 1.86561629952 
4.08818121109 7.53535900918 5.25908805941 8.03289973875 10.3097823956 0.0 2.35241158126 3.49780949338 3.46794291686 5.46602449462 7.07311981105 3.88303401283 0.309802447435 6.80502408112 2.01704537079 0.911218053378 3.50830172498 9.53655263622 6.09395482086 9.09491444147 8.67326613281 10.216828196 6.73950002828 7.61901081762 4.80044367557 1.46646230965 3.63627467779 10.6310284971 3.91798161649 4.50545109366 4.17441723974 8.71530937902 6.67620446502 1.02621801144 8.51565288417 7.04201374941 9.62175889293 1.50009729335 7.44530244599 9.63503876635 8.95169592157 4.39696395642 5.72681831342 9.04342947013 9.1112247658 7.90038091501 7.08239593608 6.50940013339 5.71507155505 5.27605474967 8.22732808813 5.47964739492 6.06971013485 6.21647333258 7.17845723497 8.67021352384 7.34652892688 6.08016520443 3.08204518382 8.93349790979 9.75663459471 10.3701989026 0.404817544275 4.90990306654 3.82887752804 1.61074984186 1.84949289841 3.47838115742 5.92774160065 1.96238239141 2.20374481326 4.1200834776 3.57033843368 4.7027005894 4.76599475832 3.54103588058 5.25192424849 8.30159426976 1.9964945454 8.00123462394 6.78516053283 8.96917284618 2.46135156215 2.61340083617 4.06054219742 2.14134589139 6.72551550552 5.09598831261 11.4005243258 9.65979066803 8.12666482033 4.82031010819 3.00626638526 2.31386134846 8.59296556523 
1.75643863847 5.18303384326 2.91159724295 5.68787285001 7.95885459139 2.35241158126 0.0 1.14542280996 1.16895677585 3.12822041859 4.72873987408 1.57266528794 2.45831748089 4.45261272406 0.623682148659 1.57554096431 1.15883106826 7.18891481977 3.74185332749 6.74360271863 6.32615728385 7.86541653424 4.38909744237 5.26766615646 2.48856859132 1.03484191708 1.36735361279 8.27898602287 1.57470934739 2.153067462 1.82458179302 6.36500289149 4.32401872115 3.37457467452 6.17514043079 4.693098488 7.27707750277 0.85237004832 5.09395961429 7.28580696239 6.6050578043 2.0484677737 3.37605322113 6.6985319063 6.76195065657 5.54870349586 4.73061921774 4.16639542383 3.36266645866 2.92405721994 5.87731308732 3.12740298415 3.74436874448 3.86737396731 4.82917489543 6.31863332644 5.00210574539 3.72775642502 0.800051354594 6.58115821604 7.40501890098 8.01795839826 1.98628336309 2.56728322222 1.5362892847 0.870196077293 0.983025811793 1.49876565338 3.59018839072 0.947168825856 0.834367695139 1.80698867242 1.3065560262 2.53591859798 2.53412625574 1.45259294713 2.91802469842 5.95037109732 0.797979669572 5.66318770998 4.45199468822 6.62246032498 0.666504480851 0.592663236702 1.83308575741 1.08165877456 4.40088714794 2.776184357 9.06322939516 7.3205668917 5.80212340997 2.53967107565 0.976142369859 0.652393687919 6.25967595384 
0.670407178715 4.03761490602 1.7720445156 4.54993650239 6.8150028823 3.49780949338 1.14542280996 0.0 0.417915978965 2.0002761398 3.58985648631 0.577890314193 3.59874469547 3.30723328916 1.61640174404 2.70189311672 0.0919863378454 6.04800641057 2.59656324685 5.59948832045 5.18598432551 6.72113534225 3.24511910282 4.12282462484 1.40811060966 2.13526189769 0.581075926205 7.13408853115 0.463991731689 1.00764584755 0.685193102853 5.22189213173 3.1790928856 4.51974483964 5.04090013198 3.55029038257 6.13862112711 1.99779256579 3.94999847341 6.14351015977 5.46519563325 0.910619032268 2.2320654215 5.56014062344 5.6197145403 4.40431452667 3.58620117975 3.02946994829 2.21735068325 1.77967454891 4.73457537156 1.98203432299 2.62714366803 2.72480647528 3.68752729382 5.17428436062 3.86532616063 2.58241647164 0.571132748851 5.43573619772 6.26056910338 6.87285182 3.12889644786 1.4403811848 0.622605727178 1.96524754818 1.94711908383 1.21540084512 2.46425477362 1.86535686854 1.64052527818 0.778088080438 0.590531174492 1.68079624787 1.58597752402 1.02824499137 1.80172083831 4.80642181221 1.73219543653 4.52868248468 3.32776332357 5.48072515931 1.30572156625 1.10159164663 0.995345267422 1.87924718869 3.28573529111 1.68327049621 7.927110245 6.18390727208 4.6824810472 1.51633381914 1.01869865422 1.4297585345 5.13160992533 
0.634659267629 4.10983962401 1.81900597465 4.67242563993 6.90308684666 3.46794291686 1.16895677585 0.417915978965 0.0 2.00497545925 3.61539101365 0.415218803674 3.60266475429 3.38926873057 1.73885820536 2.739454946 0.32908883421 6.15382967201 2.67392121466 5.68850953662 5.2975839033 6.80601503103 3.29973690081 4.18109573824 1.33323283648 2.20324250302 0.217181208428 7.2118669795 0.512586552663 1.13907807845 0.787474761199 5.31911417596 3.27188327613 4.49406164743 5.17230645807 3.59472575682 6.25356595442 1.98921524479 4.04706970854 6.24255489975 5.57704227373 0.983936662338 2.29709200407 5.67703812871 5.72053857897 4.49537276853 3.68162669419 3.05104288899 2.31406162021 1.89972257591 4.8358586261 2.07147183874 2.60181347084 2.77384001334 3.80021292046 5.26264561442 3.99550298846 2.67309071513 0.385900238191 5.50330924223 6.34494266481 6.94811522778 3.08093520416 1.63746790536 1.02475338543 1.87593565582 2.09289792568 1.61724358401 2.63668604707 2.02794037424 1.83321363729 1.12429610904 1.00742093592 2.05529444447 1.9311815982 1.43789002522 2.00683916977 4.89946253917 1.57021558742 4.53594373066 3.4928548425 5.51228722633 1.09970871332 1.32373426443 1.39464392002 2.08577483494 3.46741079986 1.92510370042 7.93371289201 6.19431752541 4.84659401399 1.82445880976 1.35096221318 1.6168192471 5.27745102507 
1.377891107 2.12767861773 0.283418582819 2.75440585672 4.92058225667 5.46602449462 3.12822041859 2.0002761398 2.00497545925 0.0 1.61043935315 1.59134579102 5.58605812879 1.43334275031 3.61364308199 4.69847561952 1.97275340296 4.19315937021 0.751370209273 3.71159412812 3.35186559642 4.82109093363 1.31038012157 2.18659848001 0.711299430142 4.13519173459 1.86149761448 5.22075808362 1.55362047464 1.04098204522 1.31645748903 3.35371707156 1.34025927887 6.49202724306 3.26191978512 1.59514503255 4.30427425723 3.97417940204 2.09810383542 4.27339562676 3.62884743729 1.09145133501 0.405510349884 3.73536484155 3.75653670363 2.53047274162 1.73917963971 1.04612677716 0.541391174835 0.560326759648 2.88053961431 0.411828669305 0.636047529501 0.790064398158 1.88674890346 3.2875787699 2.1130476162 0.78717070695 2.38900387036 3.50951348953 4.3609775772 4.95584126962 5.08311461853 0.95564352662 1.93464811466 3.88087935886 3.93412494874 2.72777213871 1.07953009277 3.84536239067 3.60658870478 1.65896046398 2.18728902981 2.02255985072 1.74927008121 2.52772611665 0.974293382631 2.932645417 3.56359050974 2.53586518504 1.74472745503 3.5073197575 3.08410575938 3.06711024706 1.98907919538 3.82711562912 1.7826250228 1.15082716847 5.93598997879 4.19416279699 3.01827128949 1.49066856958 2.85128290422 3.40530052823 3.39446687337 
2.98670708096 0.638994069346 1.81790188721 1.39396866581 3.34463799262 7.07311981105 4.72873987408 3.58985648631 3.61539101365 1.61043935315 0.0 3.20171732171 7.18673369203 0.537711247124 5.1884484461 6.29154542458 3.57006107193 2.66184311524 1.04321644828 2.15736299978 1.87512203465 3.24179737211 0.408722205192 0.62877441549 2.30465203383 5.72178632621 3.46936977621 3.63024980952 3.15574345932 2.59309537692 2.90552336657 1.83279347903 0.670729568776 8.09865614431 1.86856576002 0.165592188294 2.79114112868 5.57805485709 0.767214005336 2.72563058328 2.13555766671 2.68076768481 1.36878834635 2.25148484539 2.22756090895 1.05906508883 0.612368321979 0.564363479064 1.42780843238 1.86474870545 1.40774776594 1.63461156213 1.05853176142 0.873432358742 0.78942705245 1.74637523202 1.0138455829 1.09050390408 3.99915105518 1.92219259741 2.78612377127 3.36430271054 6.69212107531 2.30158603498 3.42128506711 5.49124715648 5.49421654069 4.13533322519 1.52204863262 5.39956460819 5.15270634303 3.12215387729 3.68923331999 3.12475764756 2.88242504607 3.9559175664 2.06808109255 1.42572505468 5.17175932624 0.947576075913 1.21838771616 1.89705533318 4.69133728074 4.62117017072 3.37101045533 5.35786836845 1.36553775733 2.28221557815 4.33786616752 2.59466367823 1.82919663376 2.66927339155 4.35743961076 4.96066934803 2.04820234862 
0.243496844601 3.70260023905 1.41343576914 4.27788290425 6.49704824717 3.88303401283 1.57266528794 0.577890314193 0.415218803674 1.59134579102 3.20171732171 0.0 4.0158250818 2.98550289881 2.12008776447 3.14718303023 0.502810630424 5.75257257686 2.27115155766 5.28339693818 4.89875345105 6.39933661396 2.89030888471 3.77117494674 0.919295933566 2.60326292358 0.291803342595 6.80360487872 0.251151643063 0.789568457373 0.460670638309 4.91630202762 2.87128144025 4.90918313097 4.78005008536 3.18327208481 5.85481257408 2.40186506526 3.64588859919 5.83946281049 5.17798655812 0.611503664256 1.8928803944 5.27939319762 5.31829726283 4.0919243653 3.2807240021 2.63745630635 1.91909952991 1.51834503998 4.4346464685 1.67603125747 2.18667790571 2.36447197111 3.40422130845 4.85772341636 3.60506981362 2.27408217066 0.801031172926 5.09398419691 5.93838875827 6.53948379515 3.49613539326 1.30716896296 1.00559473259 2.29032530191 2.46709556421 1.74869195778 2.27233605151 2.39462205493 2.18428851048 0.986847946122 1.09571091702 1.91151665003 1.74156152491 1.54761938848 1.67195812823 4.49602411658 1.97597550323 4.1208759291 3.11908375566 5.09835401576 1.49965723333 1.65455460661 1.33675442191 2.43061182349 3.10228754595 1.62058653488 7.51849828781 5.77919584294 4.46810341997 1.58958538258 1.59638421762 1.96933733778 4.8904218149 
4.2113373262 7.63111863886 5.36913687703 8.10644192748 10.3926819822 0.309802447435 2.45831748089 3.59874469547 3.60266475429 5.58605812879 7.18673369203 4.0158250818 0.0 6.8994163219 2.05462623827 0.917357468046 3.61669090988 9.61261407042 6.19269221252 9.1798326384 8.74918758362 10.3014371142 6.84356378076 7.71994193569 4.93512096873 1.49843971403 3.78097892848 10.7184187352 4.03286968574 4.6039169919 4.28157307356 8.79752280701 6.76734225126 0.951256453726 8.58317947936 7.14903481288 9.69322680903 1.61410264212 7.53170321332 9.71406863658 9.02660794021 4.50603822832 5.83064263163 9.11571173509 9.19073484776 7.98762473934 7.17085325684 6.62464661958 5.81003429759 5.36808004571 8.30924849689 5.57808287548 6.19878341862 6.3235132976 7.25992834923 8.75644516089 7.42019673968 6.17485155332 3.21799711587 9.02824862361 9.84231277635 10.4591795296 0.64772064631 4.98719711028 3.88607636789 1.78553545389 1.83828541217 3.47362633462 5.99705320573 1.95068945124 2.20232981823 4.18279790217 3.62180229905 4.7129935394 4.7934760402 3.55373609352 5.32041611619 8.38680236792 2.19076209202 8.12141301228 6.84864851949 9.07933662134 2.63943262196 2.65393030748 4.09450462318 2.10508037442 6.78281551072 5.15595012282 11.521510486 9.77888402961 8.18102505289 4.86388707876 3.0265744631 2.33683870444 8.65345111503 
2.75469428023 0.731935334843 1.57210955824 1.32405143057 3.51471223827 6.80502408112 4.45261272406 3.30723328916 3.38926873057 1.43334275031 0.537711247124 2.98550289881 6.8994163219 0.0 4.87103133216 5.99259776624 3.29963474244 2.76808141283 0.715517122126 2.29949225366 1.92008482234 3.4186505369 0.232857529733 0.833172583413 2.14340023359 5.41567762153 3.26779677876 3.82841963686 2.90120492243 2.29963365181 2.63564992173 1.93085966423 0.150358240691 7.82621628042 1.83152014766 0.38673224598 2.87446425948 5.30495635122 0.665093347682 2.85396055917 2.19802777838 2.417495564 1.09265457481 2.3031489169 2.3330735134 1.10642447183 0.30815917402 0.558264867246 1.09003531945 1.53137521165 1.45118562183 1.32642959721 1.05902697272 0.647476768528 0.477827121765 1.87357294263 0.725694563797 0.724928477279 3.76435576633 2.1290508352 2.95756172039 3.56636296313 6.43445112108 1.93344350168 3.06291103485 5.25147722581 5.15989978931 3.7286479259 1.03928132805 5.06063583738 4.808894161 2.76004600503 3.33365054097 2.65518393284 2.42655832867 3.56024440186 1.65106471996 1.51053349678 4.95927749349 1.37746694104 0.705987708329 2.21342145502 4.48497673682 4.288523609 2.96924207646 5.00102703956 0.845875744932 1.85592699432 4.68028819404 2.95016536853 1.63863367584 2.23223804202 3.99426150315 4.62607177978 1.97298917545 
2.27426740818 5.60268162962 3.3759954771 6.0570031537 8.34805466638 2.01704537079 0.623682148659 1.61640174404 1.73885820536 3.61364308199 5.1884484461 2.12008776447 2.05462623827 4.87103133216 0.0 1.13731070322 1.6550779243 7.56382204303 4.17305321194 7.13765635311 6.70075187098 8.25819601442 4.82966600458 5.69836466655 3.01571523373 0.556469333578 1.94864747676 8.67725411887 2.07587426607 2.59548135294 2.29729109358 6.75343902246 4.73520418254 3.00208634017 6.53077037246 5.13889296416 7.64205756219 0.660389005268 5.49279018521 7.66706813611 6.97743519925 2.52219440839 3.82149378325 7.06512269489 7.14436133456 5.94887857934 5.13471223919 4.63262850257 3.78645590336 3.34246654301 6.26536247599 3.56121951083 4.24291737139 4.31724903857 5.21686025701 6.71582450136 5.37130521487 4.14928140179 1.39594265432 6.99615034913 7.80026595265 8.41962530002 1.71080509277 2.94530726862 1.83317888712 0.942594903917 0.361033994252 1.48782097625 3.9469854544 0.327511353086 0.315292414037 2.13197022929 1.56753950679 2.68928150075 2.74915463277 1.52945369368 3.27076638948 6.34564257787 1.13450276819 6.13222512853 4.79549921247 7.06876356593 1.22096352291 0.599562417035 2.044886958 0.503265423857 4.72838974915 3.10261386966 9.52521709919 7.78248525206 6.12640327831 2.81029552074 0.992239641076 0.307995459152 6.59922488893 
3.33113277796 6.72452503 4.47389325566 7.19151240858 9.47991170953 0.911218053378 1.57554096431 2.70189311672 2.739454946 4.69847561952 6.29154542458 3.14718303023 0.917357468046 5.99259776624 1.13731070322 0.0 2.72572825061 8.69802871421 5.28880462281 8.26799942687 7.83471400657 9.38924814429 5.94222194555 6.81605809599 4.06405007269 0.581433006279 2.92933994064 9.80713551889 3.14559301052 3.70223292182 3.38685956375 7.88486635168 5.85904375884 1.866234108 7.66698708927 6.24929921793 8.77760963782 0.774104494288 6.62096962183 8.80025312165 8.11183506561 3.61212265799 4.93029224808 8.2003329756 8.27715451317 7.07703715601 6.2611294264 5.7313516086 4.90445673866 4.46146248728 7.39662692044 4.67473626691 5.31827309757 5.42465705663 6.34750590549 7.84520675982 6.50545195119 5.26876394023 2.36036064824 8.12051718923 8.93059156516 9.54855351338 0.708675426847 4.07465446323 2.96946617178 1.06247459601 0.939113716276 2.57224125 5.08171930129 1.05213824161 1.29697472068 3.26693874442 2.70467808058 3.80432150224 3.87879230277 2.64319731628 4.40516542059 7.47529948325 1.4841409888 7.23036995947 5.93208987738 8.18028429681 1.8692195031 1.73657296484 3.17819979153 1.23132481799 5.86564505003 4.23926049691 10.6289964884 8.88578295183 7.26368215024 3.94669312708 2.11271665281 1.42130687717 7.73639772838 
0.61999624993 4.02859009203 1.75276617981 4.55282434019 6.8110202142 3.50830172498 1.15883106826 0.0919863378454 0.32908883421 1.97275340296 3.57006107193 0.502810630424 3.61669090988 3.29963474244 1.6550779243 2.72572825061 0.0 6.04780301937 2.58671097578 5.59525881082 5.18672200998 6.71639784335 3.2312766869 4.11075309424 1.36138269978 2.16422887326 0.489282145211 7.12787467265 0.421809533147 1.00222999313 0.666169185593 5.21934530523 3.17377375536 4.53211530764 5.04617027519 3.53458268834 6.14055352576 2.0097105473 3.94653651421 6.14179075408 5.46612938046 0.889644885236 2.21851658849 5.56228653502 5.61818536836 4.39985160539 3.58199563657 3.00805919438 2.21099762529 1.77726654133 4.73267731236 1.97323982758 2.59504996291 2.70886552864 3.68741429545 5.16969359252 3.86947736724 2.57557533068 0.525011509293 5.42659538994 6.25555880095 6.86599521469 3.1349201707 1.45556717763 0.700994244941 1.95929689554 1.99205895551 1.30704428617 2.47665660022 1.91357604969 1.69428656306 0.833969153671 0.681727804587 1.74953602964 1.6445973221 1.12023077609 1.82062010689 4.80268334242 1.70909208755 4.50579624523 3.33971036715 5.46365459735 1.27024141908 1.15881336705 1.0730528823 1.93666657208 3.30169908526 1.71154675988 7.90547311567 6.16256462902 4.69532125204 1.56311590048 1.09883037878 1.4813943142 5.1403315339 
5.51989628449 2.06994418697 4.3396621411 1.50693381998 0.809325240611 9.53655263622 7.18891481977 6.04800641057 6.15382967201 4.19315937021 2.66184311524 5.75257257686 9.61261407042 2.76808141283 7.56382204303 8.69802871421 6.04780301937 0.0 3.48143163334 0.517570775521 0.863483726113 0.740861873864 2.88589471853 2.03613433219 4.90439106801 8.11703037007 6.03573387729 1.16510395263 5.65943687959 5.04577946154 5.38965662081 0.839609803139 2.88196558923 10.5506525497 1.05684024263 2.62511853548 0.168599102321 8.0386904407 2.10685641165 0.13809074642 0.58658277139 5.17599671346 3.85999022664 0.508747522362 0.437119532871 1.6631500211 2.47224375661 3.18761903355 3.84183993623 4.27057752061 1.31801869606 4.08345137629 3.71126477872 3.40325309104 2.36055043783 0.915689302235 2.19259299924 3.48084661721 6.52548416737 0.831430201769 0.384196855796 0.944769411527 9.17516513658 4.62721968616 5.73141446705 8.00614460132 7.82682737371 6.28604753105 3.61686999587 7.72182596428 7.46583220996 5.43185188846 5.99942593194 5.07636680787 4.91528680436 6.14839584223 4.29309780628 1.26054421911 7.72397058142 2.0078189969 2.7786149046 1.20590903046 7.25140560775 6.96881403165 5.56597474489 7.63348114463 2.86465783197 4.46526938609 2.47550374198 1.41959426919 1.55561544368 4.78926464296 6.6334639286 7.29912084279 1.06052956883 
2.03942694065 1.44190617238 0.858564495029 2.01689598491 4.23018024783 6.09395482086 3.74185332749 2.59656324685 2.67392121466 0.751370209273 1.04321644828 2.27115155766 6.19269221252 0.715517122126 4.17305321194 5.28880462281 2.58671097578 3.48143163334 0.0 3.01500936693 2.62910469637 4.13393629213 0.658939919033 1.52736443988 1.44823650316 4.71388690805 2.55474805826 4.54281016095 2.18613298974 1.58925956718 1.92173302195 2.64543880483 0.60183322379 7.11630807316 2.52314472943 0.970647579035 3.5848651611 4.5941767699 1.37494270687 3.56879529664 2.90800028083 1.70258483796 0.379110162087 3.01086501714 3.04723262104 1.82146050104 1.01015378204 0.556506234594 0.388457455065 0.831783204199 2.16356459123 0.614682740887 0.646562136233 0.217133848748 1.14392368259 2.58908961896 1.36397392297 0.0859148035558 3.04885485082 2.83988965531 3.67282722591 4.28026297905 5.72156759422 1.25974592408 2.38432072066 4.53644904987 4.46978322229 3.09240243193 0.624097753411 4.37279880344 4.12348745172 2.08352513805 2.65363573343 2.12045909946 1.86611403261 2.91273505932 1.03397684287 2.22556255991 4.2440333922 1.98780346648 1.01790729157 2.89621068653 3.77026035945 3.59676266643 2.32802372202 4.32353496628 1.07988022566 1.25053004238 5.35739869906 3.61753330487 2.26693838667 1.64025550677 3.32015209035 3.93563109222 2.64903134442 
5.05386774388 1.58393227658 3.87020693929 1.11656484818 1.21578479808 9.09491444147 6.74360271863 5.59948832045 5.68850953662 3.71159412812 2.15736299978 5.28339693818 9.1798326384 2.29949225366 7.13765635311 8.26799942687 5.59525881082 0.517570775521 3.01500936693 0.0 0.503616520423 1.12193696343 2.40129817496 1.53659812348 4.42170894486 7.68815617361 5.56366718492 1.53971187026 5.20008869039 4.593399436 4.93312738419 0.389545991069 2.42160043532 10.1129989951 0.779649779567 2.12970138946 0.669511759416 7.59521856494 1.64965212143 0.568308127392 0.337296661615 4.71627711661 3.39144587569 0.388401393778 0.166120059943 1.19540820516 2.01338142624 2.69282474398 3.38446635753 3.81981994519 0.873589501707 3.62386290317 3.21183919087 2.92372128402 1.92079691532 0.425925791796 1.78123057611 3.0205318096 6.06382025089 0.338745159253 0.662622238016 1.28439732955 8.72837362384 4.19336588809 5.30972033043 7.55001551026 7.41038499644 5.89760521214 3.19875428181 7.30718089949 7.05216093829 5.00808703047 5.57943059614 4.71046675739 4.53340202426 5.75126318628 3.87083244889 0.793336156474 7.25826394911 1.49340088497 2.38804066287 0.787857781215 6.78305076693 6.54627641592 5.16377546267 7.2280212575 2.489892929 4.05224517185 2.64514467217 1.24553274179 1.31573779765 4.39116667969 6.22351854892 6.87969401353 0.884939673213 
4.66443956033 1.25147992485 3.48760028268 0.645080438876 1.65506855587 8.67326613281 6.32615728385 5.18598432551 5.2975839033 3.35186559642 1.87512203465 4.89875345105 8.74918758362 1.92008482234 6.70075187098 7.83471400657 5.18672200998 0.863483726113 2.62910469637 0.503616520423 0.0 1.57224198612 2.05423374112 1.2488726301 4.06276425712 7.25376900027 5.18356332178 1.99829908405 4.80076315279 4.18505217512 4.53007307102 0.188939649991 2.02774850367 9.68717924159 0.28978084942 1.81492147735 0.956079591536 7.17563426054 1.25527126645 0.968140791971 0.27955020871 4.3177678567 3.00819454498 0.383786448148 0.452605411827 0.829543673815 1.61901568002 2.37034074485 2.98391873795 3.40985556525 0.474485577444 3.22619368186 2.90024778441 2.562393707 1.49951075966 0.300420763077 1.32945728402 2.62493449666 5.66735126058 0.620865445056 1.12935351985 1.75385208706 8.31243943443 3.76378010409 4.8686343033 7.14559422731 6.96516504319 5.43230966363 2.75397549223 6.86050179381 6.60467236185 4.5688011125 5.13691214789 4.23241120022 4.06355919866 5.29144362155 3.42998549782 0.452552039778 6.86723736792 1.41989312129 1.92108906689 1.07421536667 6.39623997982 6.10609091969 4.70722918797 6.77436187678 2.01356905336 3.60348972794 3.14870495897 1.68598397245 0.818994865941 3.93140053646 5.77298461369 6.43687679076 0.451371263291 
6.17138420973 2.69676604713 4.98706861942 2.21541106434 0.109415746042 10.216828196 7.86541653424 6.72113534225 6.80601503103 4.82109093363 3.24179737211 6.39933661396 10.3014371142 3.4186505369 8.25819601442 9.38924814429 6.71639784335 0.740861873864 4.13393629213 1.12193696343 1.57224198612 0.0 3.51153521877 2.63592693085 5.5291426486 8.80919989426 6.67785823615 0.426982806339 6.31984992747 5.71475377364 6.05366868806 1.50482800143 3.5426291076 11.2349137757 1.79099632245 3.22997133268 0.74323392764 8.71709646773 2.77153154102 0.613522877669 1.30767203849 5.83611541532 4.50917998977 1.24469845448 1.12055491466 2.31682318747 3.13493430224 3.79099248802 4.50542270604 4.94150933502 1.99283395417 4.74424434007 4.30032764342 4.03627642009 3.04174286515 1.5468532315 2.89371236492 4.14112105918 7.18257633071 1.31988903152 0.461116499816 0.217464303039 9.84997190718 5.31461074268 6.42896916305 8.67008542517 8.52870145888 7.00421342775 4.31597935627 8.42495920182 8.1695960322 6.12773950007 6.69832454477 5.80331835619 5.63579396617 6.86200281532 4.98968423698 1.91527298833 8.37502976649 2.46089620512 3.49249637181 1.49144865788 7.89869072153 7.66599078897 6.27646655129 8.34266134134 3.5856796694 5.16843873759 1.80758135245 1.29504834082 2.29635695142 5.50166339172 7.33954030665 7.99871956473 1.8012480356 
2.66604188965 0.817532345163 1.48301798951 1.48794353276 3.61059307671 6.73950002828 4.38909744237 3.24511910282 3.29973690081 1.31038012157 0.408722205192 2.89030888471 6.84356378076 0.232857529733 4.82966600458 5.94222194555 3.2312766869 2.88589471853 0.658939919033 2.40129817496 2.05423374112 3.51153521877 0.0 0.881523082255 2.02048057855 5.36866845588 3.16686321253 3.9135485848 2.82387777722 2.24014821589 2.56511487698 2.0463237276 0.305116702863 7.76333233433 1.99155106696 0.31212092036 3.00101868358 5.24083538282 0.817651958373 2.96390290962 2.32833640086 2.34276488701 1.01308935012 2.43788740024 2.4488698437 1.22658944112 0.498289080552 0.341850054429 1.04739642537 1.49039185213 1.58018192448 1.26850789518 0.865209968066 0.525912431245 0.685152715325 1.97766323084 0.93621884034 0.695453409038 3.67967123789 2.20371313716 3.05112095592 3.64924351876 6.3636283646 1.91658033143 3.04291055652 5.17119505742 5.12819642867 3.74101326821 1.11391326688 5.03148639589 4.78236021351 2.74175619521 3.31240496118 2.71659320954 2.47566525141 3.56491346488 1.6675575751 1.6258054954 4.86620661947 1.33545973046 0.926154215466 2.23914195843 4.38856949401 4.25506765878 2.97737523717 4.98232801081 1.05975340231 1.8801057651 4.69866881218 2.95859378408 1.83913995325 2.26554232649 3.97851360935 4.59407230362 2.14557678787 
3.54753224944 0.159566418845 2.36443601947 0.828058100372 2.73655082597 7.61901081762 5.26766615646 4.12282462484 4.18109573824 2.18659848001 0.62877441549 3.77117494674 7.71994193569 0.833172583413 5.69836466655 6.81605809599 4.11075309424 2.03613433219 1.52736443988 1.53659812348 1.2488726301 2.63592693085 0.881523082255 0.0 2.89342266575 6.24069461376 4.04645353653 3.03417853508 3.70484453124 3.11614774799 3.44475365223 1.20434879081 0.977502090527 8.64222537668 1.26408771883 0.594345754349 2.16324989091 6.11976700181 0.414509730067 2.10393649075 1.50700565128 3.22311304718 1.89234880017 1.6232931548 1.60068921817 0.454314633121 0.626535212916 1.15687470771 1.91216070996 2.35597260846 0.787579730206 2.14187102816 1.67581749641 1.4072991055 0.664859990316 1.12050984581 0.747213073508 1.54918253889 4.56119238706 1.32315913177 2.17682520032 2.7693724233 7.24422557346 2.76561238215 3.89526659405 6.05268322465 5.99048361721 4.55868654855 1.85226229894 5.8918300506 5.64059923116 3.5925186579 4.16591447695 3.46014241887 3.24193653741 4.39214650043 2.4826944343 0.797872055194 5.74684181726 0.653521143305 1.24457462608 1.38040854904 5.26866938476 5.11840844898 3.80083213518 5.83388617576 1.3919985746 2.6852469404 3.84731329513 2.12044893858 1.32027914191 3.05705363007 4.82725483118 5.45645926351 1.45587505491 
0.74151691221 2.83800532991 0.626979857829 3.46183572387 5.62919267027 4.80044367557 2.48856859132 1.40811060966 1.33323283648 0.711299430142 2.30465203383 0.919295933566 4.93512096873 2.14340023359 3.01571523373 4.06405007269 1.36138269978 4.90439106801 1.44823650316 4.42170894486 4.06276425712 5.5291426486 2.02048057855 2.89342266575 0.0 3.51446353812 1.16995643543 5.92658020902 0.944129257023 0.671690388762 0.775490925785 4.06490610595 2.04579832111 5.82636118588 3.96899695059 2.30011024363 5.01550571133 3.32114671218 2.80844185807 4.98417060306 4.33994399511 0.590407417601 1.07613635749 4.4461582736 4.46771442419 3.24176988018 2.44814349428 1.74339767841 1.1558211529 0.879711299302 3.59173206078 0.930932689476 1.27158151882 1.50136203081 2.59110595794 3.99810365519 2.81166540717 1.47116305625 1.71894347774 4.21515772774 5.06947399273 5.66128239778 4.41152856773 0.971401325806 1.52418687537 3.20206037588 3.35315339394 2.35236195321 1.62796831171 3.27309883285 3.04801723296 1.31498027149 1.73495071262 1.98584927747 1.73358816547 2.14245571898 1.22189774497 3.64385803123 2.86985763065 3.21050475482 2.39927291973 4.19645328294 2.3886279884 2.50782830436 1.70172281789 3.28380765982 2.41528473309 1.29601792403 6.60436067807 4.86737828585 3.70824335464 1.49244188104 2.36059995549 2.83784414841 4.09725271613 
2.77655449572 6.14759375783 3.90536119405 6.61042109541 8.89960696581 1.46646230965 1.03484191708 2.13526189769 2.20324250302 4.13519173459 5.72178632621 2.60326292358 1.49843971403 5.41567762153 0.556469333578 0.581433006279 2.16422887326 8.11703037007 4.71388690805 7.68815617361 7.25376900027 8.80919989426 5.36866845588 6.24069461376 3.51446353812 0.0 2.40201319811 9.22748628048 2.58574080467 3.1298494021 2.82028661344 7.30466284652 5.28128940149 2.44563355338 7.08557918938 5.67664636773 8.19630548294 0.420778482552 6.04177759394 8.21953614303 7.53078152155 3.0457473275 4.35786118789 7.6190934479 7.69654317513 6.49787929325 5.68251381545 5.16314914593 4.32861498531 3.8851371649 6.81646027267 4.10045149305 4.75927849307 4.85293839709 5.767492037 7.26566928767 5.92443801134 4.69247433275 1.83371848024 7.54276865418 8.35077218821 8.96922575757 1.18311665419 3.49483667807 2.38803431199 0.808106491917 0.430071084871 2.01626911559 4.50053955905 0.533211951917 0.749068140258 2.68565129885 2.12336913359 3.23624103107 3.30306488605 2.07457599399 3.82403594038 6.89565568287 1.17080739597 6.66285838283 5.35065693512 7.60750852352 1.45058447533 1.15602631014 2.60023377734 0.752614133223 5.28437811819 3.6578292945 10.059650279 8.31644561336 6.68271552116 3.36671582205 1.54014940481 0.847556767693 7.15505736442 
0.535178054487 3.98130700002 1.69621125391 4.5648949454 6.77620450264 3.63627467779 1.36735361279 0.581075926205 0.217181208428 1.86149761448 3.46936977621 0.291803342595 3.78097892848 3.26779677876 1.94864747676 2.92933994064 0.489282145211 6.03573387729 2.55474805826 5.56366718492 5.18356332178 6.67785823615 3.16686321253 4.04645353653 1.16995643543 2.40201319811 0.0 7.08025603727 0.486791180658 1.07790999317 0.739043411784 5.19854593155 3.15581482087 4.66130501572 5.06783472691 3.45635670178 6.13948540043 2.17108957669 3.92967121399 6.12129644501 5.46261080369 0.902803425861 2.17586879411 5.56476004255 5.60086412975 4.37393354689 3.56484751826 2.90592328313 2.20708605637 1.80968376454 4.71813705494 1.96409794559 2.44143154174 2.64162070599 3.69088210856 5.13827227426 3.89372435253 2.55994482406 0.569453452314 5.36961077749 6.21712550201 6.81571308454 3.24464445953 1.59306913458 1.14121419982 2.03328117682 2.30441983298 1.79629750712 2.56406992171 2.24138723692 2.0492496332 1.18898438359 1.16573537262 2.12549198705 1.97686074362 1.60874385443 1.95958773874 4.77790767444 1.70242874264 4.38037786617 3.41066907012 5.36411427223 1.22260950314 1.54090829862 1.50013885015 2.30223555199 3.39408221075 1.90043566892 7.77383747822 6.03732277966 4.75910083506 1.84407516656 1.558154488 1.83287440134 5.1797732554 
6.57747953081 3.10235361342 5.39303638087 2.64057426265 0.360251150644 10.6310284971 8.27898602287 7.13408853115 7.2118669795 5.22075808362 3.63024980952 6.80360487872 10.7184187352 3.82841963686 8.67725411887 9.80713551889 7.12787467265 1.16510395263 4.54281016095 1.53971187026 1.99829908405 0.426982806339 3.9135485848 3.03417853508 5.92658020902 9.22748628048 7.08025603727 0.0 6.72885587239 6.12698895477 6.46405683486 1.92587413725 3.955004226 11.6502668226 2.21771619646 3.62652532266 1.15172171079 9.13102643305 3.18680032779 1.04000557568 1.73463434192 6.24539127874 4.91640573173 1.67092806461 1.54611427108 2.73108027842 3.54875192769 4.18486990541 4.9171390203 5.35498827396 2.41290727472 5.15481238987 4.68760407738 4.43921225853 3.46042246306 1.96198724236 3.3169219715 4.55234061171 7.58989596029 1.71143747088 0.877319457666 0.266119111663 10.2624013376 5.73264980022 6.84938297622 9.07910284286 8.94986418743 7.42947444871 4.73765854308 8.84648316579 8.5913283231 6.547791708 7.11903062579 6.22999759836 6.06160562023 7.28633509283 5.41038287553 2.33184237752 8.77957869296 2.81383725138 3.91763726865 1.81774364 8.30211751743 8.08598764005 6.70018820612 8.76577724342 4.01186715853 5.59071151083 1.49707511294 1.4613690802 2.72041778379 5.92595168525 7.76200951028 8.41933532504 2.2239605368 
0.210267032452 3.62704126568 1.34156168969 4.17181730931 6.41566631366 3.91798161649 1.57470934739 0.463991731689 0.512586552663 1.55362047464 3.15574345932 0.251151643063 4.03286968574 2.90120492243 2.07587426607 3.14559301052 0.421809533147 5.65943687959 2.18613298974 5.20008869039 4.80076315279 6.31984992747 2.82387777722 3.70484453124 0.944129257023 2.58574080467 0.486791180658 6.72885587239 0.0 0.62741687682 0.275466859201 4.82731069156 2.77939437917 4.94315267798 4.66957993845 3.12459648794 5.75618776864 2.42240112846 3.55416121545 5.75062349342 5.08031314317 0.483821206594 1.8133807963 5.1787573331 5.22767692435 4.00521332975 3.18883792935 2.59263300056 1.81764387354 1.39462094995 4.34221585096 1.5766485524 2.17368089911 2.29952399528 3.30169851713 4.77419744159 3.49220676734 2.18001463712 0.866959469733 5.02391947257 5.8587658105 6.4660850466 3.53992165568 1.12633753078 0.768449281158 2.35031763032 2.41000700452 1.54294590127 2.12477893615 2.32911064029 2.10429632869 0.735725291007 0.889013041667 1.66252339069 1.49877571634 1.33706636966 1.4955460486 4.40891069191 2.06907143051 4.08854343721 2.98234783989 5.05124685979 1.60609826263 1.56472787159 1.08879684318 2.3417837909 2.95531135766 1.42182780934 7.48865635778 5.74616419628 4.33695321537 1.35804410903 1.44785272088 1.89374877522 4.7713334562 
0.549382944513 3.02998623571 0.784469057706 3.55251200385 5.80911245304 4.50545109366 2.153067462 1.00764584755 1.13907807845 1.04098204522 2.59309537692 0.789568457373 4.6039169919 2.29963365181 2.59548135294 3.70223292182 1.00222999313 5.04577946154 1.58925956718 4.593399436 4.18505217512 5.71475377364 2.24014821589 3.11614774799 0.671690388762 3.1298494021 1.07790999317 6.12698895477 0.62741687682 0.0 0.35195011389 4.21713572844 2.1722138078 5.52722158242 4.04789547084 2.54712119818 5.13936180107 3.00543618628 2.94441752584 5.13956301261 4.46451633451 0.193476854183 1.22813826737 4.56127988627 4.61596888021 3.39802560615 2.58003747939 2.03764013916 1.20990501437 0.775225629827 3.73045046676 0.974598787963 1.67695880566 1.72309707444 2.68559361931 4.16794737626 2.8705736369 1.5748964187 1.49035554245 4.42809752324 5.2540188858 5.86552561869 4.13544416959 0.519385843243 0.905285489927 2.96054326799 2.90565529663 1.72193694282 1.49761066144 2.81382513526 2.57151663239 0.657975791135 1.14924958061 1.34788058995 1.11514706361 1.51537390318 0.882396832777 3.80065716209 2.69299297585 3.5368877747 2.35503957692 4.4781132653 2.2330045826 2.03449965471 1.03538125449 2.78826912499 2.32834864707 0.844177809955 6.93051548068 5.18750256742 3.70992153626 0.902045058601 1.81065826185 2.37379794439 4.14660617986 
